15, 19.996485, 1703804367
15, 20.182789, 1703804369
15, 20.043505, 1703804372
15, 20.257116, 1703804374
15, 20.310428, 1703804376
15, 20.307756, 1703804378
15, 20.385824, 1703804381
15, 20.456774, 1703804383
15, 20.274188, 1703804385
15, 20.217501, 1703804387
15, 20.228808, 1703804389
15, 20.218895, 1703804392
15, 20.380174, 1703804394
15, 20.359839, 1703804396
15, 20.384809, 1703804398
15, 20.408579, 1703804400
15, 20.308839, 1703804402
15, 20.144275, 1703804404
15, 19.961317, 1703804406
15, 20.184182, 1703804408
15, 20.035010, 1703804410
15, 20.037781, 1703804412
15, 20.188786, 1703804415
15, 20.367151, 1703804417
15, 20.444807, 1703804419
15, 20.493113, 1703804421
15, 20.696180, 1703804424
15, 20.557088, 1703804426
15, 20.386541, 1703804428
15, 20.383420, 1703804431
15, 20.345841, 1703804433
15, 20.175211, 1703804435
21, 19.851750, 1703804435
21, 19.851750, 1703804435
21, 19.851750, 1703804435
21, 19.851750, 1703804435
21, 19.851750, 1703804435
21, 19.851750, 1703804435
21, 19.851750, 1703804435
21, 19.851750, 1703804435
21, 19.851750, 1703804435
21, 19.630396, 1703804437
21, 19.560533, 1703804439
21, 19.391688, 1703804441
21, 19.482692, 1703804443
21, 19.448499, 1703804445
37, 20.105975, 1703804458
37, 20.252249, 1703804460
37, 20.276272, 1703804462
37, 20.283705, 1703804464
37, 20.447960, 1703804466
